36 symbols, daily 2000-01-01 → 2026-09-29, out-of-sample from 2015-01-01, RSI(14)

== 1. Baseline: own every stock, any day ==
 setup   dir filter  hold  trades_is  excess_%_is  t_excess_is  turbo10_mean_%_is  turbo10_ko_%_is  trades_oos  excess_%_oos  t_excess_oos  turbo10_mean_%_oos  turbo10_ko_%_oos
always  long   none     3      32143         0.04         0.50               1.04             3.02       26536         -0.01          0.18                1.31              1.78
always  long   none     5      21425        -0.02        -0.35               1.02             5.64       17676          0.03          0.47                3.00              3.35
always  long   none    10      11689        -0.05        -0.46               2.79            11.64        9635          0.00         -0.11                5.40              8.88
always  long   none    21       5861        -0.04        -0.39               6.40            21.75        4789         -0.00         -0.68               11.34             17.60
always short   none     3      32143        -0.04        -0.50              -2.36             3.28       26536          0.01         -0.18               -2.72              1.91
always short   none     5      21425         0.02         0.35              -2.94             5.71       17676         -0.03         -0.47               -4.66              3.97
always short   none    10      11689         0.05         0.46              -5.43            12.37        9635         -0.00          0.11               -7.33              9.76
always short   none    21       5861         0.04         0.39              -9.75            24.13        4789          0.00          0.68              -14.29             22.41

== 2. RSI and gradient signals, no filter ==
              setup   dir filter  hold  trades_is  excess_%_is  t_excess_is  turbo10_mean_%_is  turbo10_ko_%_is  trades_oos  excess_%_oos  t_excess_oos  turbo10_mean_%_oos  turbo10_ko_%_oos
      gradient<-0.2 short   none     3       7231        -0.12        -2.43              -2.99             7.70        4437         -0.10         -1.33               -3.26              3.47
      gradient<-0.2 short   none     5       5102        -0.10        -1.81              -3.57            12.92        3145         -0.14          0.23               -5.10              6.42
      gradient<-0.2 short   none    10       3096        -0.07        -1.36              -5.73            21.96        1929         -0.39         -0.88              -10.00             16.49
      gradient<-0.2 short   none    21       1786        -0.13        -0.93             -13.39            37.63        1126         -0.77         -0.59              -15.40             30.37
       gradient>0.2  long   none     3      16193        -0.05        -3.33               0.29             1.31       15044         -0.04         -2.70                1.13              1.10
       gradient>0.2  long   none     5      11248        -0.06        -3.21               0.95             2.88       10409         -0.11         -2.38                1.69              2.51
       gradient>0.2  long   none    10       6599        -0.16        -1.97               1.99             7.18        6070         -0.17         -1.76                4.15              6.95
       gradient>0.2  long   none    21       3636        -0.15        -1.67               5.67            16.45        3290         -0.40         -1.95                8.75             15.68
             rsi<25  long   none     3        418         0.38         1.27               3.11            11.00         348          0.50          1.53                5.09              8.91
             rsi<25  long   none     5        389         0.75         1.27               2.90            16.97         329          0.62          1.56                8.38             11.85
             rsi<25  long   none    10        349        -0.14         0.73              -1.92            25.50         299          0.74          1.47               10.81             17.73
             rsi<25  long   none    21        320         0.39        -0.36              -0.47            35.94         275          1.43          1.30               19.74             24.36
rsi<25 above sma200  long   none     3         26         0.69         1.09               7.78             0.00          27          1.26          2.46               11.54              3.70
rsi<25 above sma200  long   none     5         26        -0.28        -0.54              -1.18             3.85          27          1.20          2.19               13.14              3.70
rsi<25 above sma200  long   none    10         25         0.57         0.72               7.33             8.00          27          0.13          1.39               17.93             11.11
rsi<25 above sma200  long   none    21         25         1.00         0.52              11.77            16.00          27         -0.88          0.45               10.60             18.52
             rsi<30  long   none     3       1172         0.62         3.47               5.38             8.36         941          0.27          2.44                2.07              6.48
             rsi<30  long   none     5       1067         0.50         1.90               4.54            12.93         857          0.44          2.74                3.93              8.98
             rsi<30  long   none    10        918         0.64         2.03               2.35            22.98         749          0.18          2.04                4.44             14.82
             rsi<30  long   none    21        779         0.42         0.36               3.57            33.25         658          0.17          0.72                8.41             23.56
rsi<30 above sma200  long   none     3        160         0.81         3.86               8.47             0.62         176          0.45          1.01                4.21              3.98
rsi<30 above sma200  long   none     5        155         0.72         2.49               8.79             2.58         169          0.79          2.58                7.24              5.33
rsi<30 above sma200  long   none    10        139         1.25         3.02              14.25             7.91         156         -0.00          2.73                7.98             15.38
rsi<30 above sma200  long   none    21        138         1.63         2.73              20.07            13.04         153         -0.42          1.55                8.91             20.92
             rsi<35  long   none     3       2501         0.39         5.12               3.25             6.44        1969         -0.04          2.12                0.26              4.11
             rsi<35  long   none     5       2257         0.39         3.19               3.93            10.46        1800          0.09          1.86                1.90              6.78
             rsi<35  long   none    10       1870         0.19         1.64               2.75            18.18        1491          0.18          2.27                5.14             12.61
             rsi<35  long   none    21       1488         0.27         0.84               4.62            28.56        1200          0.35          1.74               11.40             21.00
rsi<35 above sma200  long   none     3        673         0.80         5.05               7.99             2.08         616          0.03          1.01                1.00              3.25
rsi<35 above sma200  long   none     5        628         0.86         3.85               9.76             3.98         577          0.19          1.05                2.30              5.72
rsi<35 above sma200  long   none    10        554         0.56         1.47               8.68             9.03         500         -0.02          1.08                3.78             12.20
rsi<35 above sma200  long   none    21        503         1.03         1.21              16.42            15.71         458         -0.31          0.56                6.46             19.21
             rsi>70  long   none     3       2155        -0.11        -1.49              -0.31             1.95        2105         -0.06         -2.21                1.01              1.09
             rsi>70  long   none     5       1936        -0.14        -2.20               0.22             3.72        1904         -0.16         -1.60                1.34              2.84
             rsi>70  long   none    10       1622        -0.10        -1.42               1.65             7.58        1589         -0.24         -1.59                3.96              6.61
             rsi>70  long   none    21       1294        -0.02         0.18               7.71            16.00        1234         -0.19         -2.07               12.37             13.45
             rsi>70 short   none     3       2155         0.11         1.49              -1.02             2.00        2105          0.06          2.21               -2.21              2.09
             rsi>70 short   none     5       1936         0.14         2.20              -1.86             3.82        1904          0.16          1.60               -3.11              3.47
             rsi>70 short   none    10       1622         0.10         1.42              -4.76             8.38        1589          0.24          1.59               -5.56              6.92
             rsi>70 short   none    21       1294         0.02        -0.18              -8.49            17.00        1234          0.19          2.07              -11.70             17.75

== 3. Top 25 by in-sample t (≥40 IS trades), with out-of-sample ==
              setup   dir  filter  hold  trades_is  excess_%_is  t_excess_is  turbo10_mean_%_is  turbo10_ko_%_is  trades_oos  excess_%_oos  t_excess_oos  turbo10_mean_%_oos  turbo10_ko_%_oos
             rsi<35  long    none     3       2501         0.39         5.12               3.25             6.44        1969         -0.04          2.12                0.26              4.11
rsi<35 above sma200  long    none     3        673         0.80         5.05               7.99             2.08         616          0.03          1.01                1.00              3.25
             rsi<35  long vix>=22     3       1251         0.77         4.76               5.51            10.63         700          0.40          2.71                4.72              5.86
rsi<35 above sma200  long vix>=22     3        181         2.10         4.01              18.76             4.42         158         -0.45          0.17               -3.19              6.96
rsi<30 above sma200  long    none     3        160         0.81         3.86               8.47             0.62         176          0.45          1.01                4.21              3.98
rsi<35 above sma200  long    none     5        628         0.86         3.85               9.76             3.98         577          0.19          1.05                2.30              5.72
             rsi<30  long    none     3       1172         0.62         3.47               5.38             8.36         941          0.27          2.44                2.07              6.48
             rsi<35  long vix>=22     5       1135         0.80         3.21               5.72            17.00         646          0.45          2.43                6.26              9.75
             rsi<35  long    none     5       2257         0.39         3.19               3.93            10.46        1800          0.09          1.86                1.90              6.78
             rsi<35  long vix>=22    10        951         0.71         3.10               3.20            28.18         559          0.60          2.61               12.03             17.53
rsi<30 above sma200  long  vix<18    10         77         1.57         3.07              19.42             2.60          64          0.83          1.05               13.94              3.12
rsi<30 above sma200  long    none    10        139         1.25         3.02              14.25             7.91         156         -0.00          2.73                7.98             15.38
             rsi<30  long vix>=22     3        626         0.97         2.94               7.58            13.74         408          0.88          2.88                6.65             10.05
rsi<30 above sma200  long    none    21        138         1.63         2.73              20.07            13.04         153         -0.42          1.55                8.91             20.92
rsi<30 above sma200  long  vix<18     3         86         0.44         2.66               5.31             0.00          72          0.34          0.93                4.68              0.00
rsi<30 above sma200  long  vix<18     5         84         0.90         2.59              10.82             0.00          71          0.45          0.91                6.91              0.00
             rsi<35  long vix>=22    21        767         1.01         2.49               4.22            40.03         473          0.47          2.75               16.29             28.54
rsi<30 above sma200  long    none     5        155         0.72         2.49               8.79             2.58         169          0.79          2.58                7.24              5.33
rsi<35 above sma200  long vix>=22     5        170         1.69         2.30              16.88             8.82         150         -0.15          0.90               -2.78             12.00
rsi<35 above sma200  long  vix<18     3        323         0.02         2.22               1.11             1.24         324          0.10          0.48                2.23              0.93
rsi<35 above sma200  long  vix<18     5        296         0.23         2.21               4.61             2.03         312          0.19          0.11                3.41              2.24
             rsi>70 short    none     5       1936         0.14         2.20              -1.86             3.82        1904          0.16          1.60               -3.11              3.47
             rsi<30  long vix>=22    10        490         0.90         2.11              -2.44            34.29         338          0.14          1.03                5.51             21.89
             rsi<30  long    none    10        918         0.64         2.03               2.35            22.98         749          0.18          2.04                4.44             14.82
             rsi>70 short vix>=22     5        329         0.81         1.98               2.62             8.21         228         -0.06         -1.24               -5.86              7.89

== 6. Leverage vs hold, no filter ==
-- always long
period  hold  trades  mean_%  turbo3_mean_%  turbo3_ko_%  turbo5_mean_%  turbo5_ko_%  turbo7_mean_%  turbo7_ko_%  turbo10_mean_%  turbo10_ko_%  turbo15_mean_%  turbo15_ko_%  turbo20_mean_%  turbo20_ko_%
    IS     3   32143     0.2            0.0          0.0            0.4          0.3            0.6          1.1             1.0           3.0             1.8           7.9             2.4          13.8
    IS     5   21425     0.3            0.1          0.1            0.4          0.9            0.7          2.2             1.0           5.6             1.6          13.3             2.4          21.1
    IS    10   11689     0.5            0.6          0.5            1.2          2.3            1.8          5.6             2.8          11.6             3.8          23.3             4.6          33.2
    IS    21    5861     1.1            1.9          1.6            3.0          6.4            4.0         12.3             6.4          21.8             9.0          36.2            11.6          46.3
   OOS     3   26536     0.2            0.1          0.0            0.5          0.1            0.8          0.5             1.3           1.8             2.3           5.2             3.3           9.9
   OOS     5   17676     0.4            0.6          0.0            1.3          0.3            1.9          1.2             3.0           3.3             4.8           9.2             6.9          15.8
   OOS    10    9635     0.8            1.6          0.1            2.6          1.2            3.8          3.5             5.4           8.9             8.5          18.8            11.3          28.2
   OOS    21    4789     1.7            3.8          0.6            6.3          3.1            8.5          7.9            11.3          17.6            15.9          31.7            20.0          42.4
-- rsi<25 long
period  hold  trades  mean_%  turbo3_mean_%  turbo3_ko_%  turbo5_mean_%  turbo5_ko_%  turbo7_mean_%  turbo7_ko_%  turbo10_mean_%  turbo10_ko_%  turbo15_mean_%  turbo15_ko_%  turbo20_mean_%  turbo20_ko_%
    IS     3     418     0.6            1.1          0.2            2.1          1.9            2.8          4.8             3.1          11.0             1.0          22.7             4.5          30.4
    IS     5     389     1.1            2.5          0.3            3.3          2.6            3.1          7.7             2.9          17.0             1.2          29.8             4.0          38.3
    IS    10     349     0.4            0.6          0.9           -0.5          6.6           -0.5         12.6            -1.9          25.5            -8.0          42.4            -5.1          49.6
    IS    21     320     1.6            2.5          2.8            1.0         12.8            1.9         21.6            -0.5          35.9            -7.8          52.5            -3.6          61.3
   OOS     3     348     0.7            1.5          0.0            3.0          0.3            3.8          2.3             5.1           8.9             9.2          17.2            13.4          25.0
   OOS     5     329     1.0            2.3          0.3            4.1          2.1            5.7          6.1             8.4          11.9            11.5          19.8            11.8          30.1
   OOS    10     299     1.5            3.5          0.7            6.4          5.0            9.6         10.0            10.8          17.7            14.7          27.8            16.0          38.5
   OOS    21     275     2.9            6.7          2.9           10.5          9.1           14.1         14.2            19.7          24.4            23.5          37.5            30.7          48.0
-- rsi<25 above sma200 long
period  hold  trades  mean_%  turbo3_mean_%  turbo3_ko_%  turbo5_mean_%  turbo5_ko_%  turbo7_mean_%  turbo7_ko_%  turbo10_mean_%  turbo10_ko_%  turbo15_mean_%  turbo15_ko_%  turbo20_mean_%  turbo20_ko_%
    IS     3      26     0.9            2.0          0.0            3.7          0.0            5.3          0.0             7.8           0.0             7.5           3.8            11.4           3.8
    IS     5      26     0.0           -0.6          0.0           -0.7          0.0           -0.8          0.0            -1.2           3.8            -4.5          11.5            -6.0          19.2
    IS    10      25     1.1            2.5          0.0            4.4          0.0            6.3          0.0             7.3           8.0             2.6          16.0             2.2          20.0
    IS    21      25     2.1            5.2          0.0            8.8          0.0            8.9          8.0            11.8          16.0            17.3          24.0            24.9          32.0
   OOS     3      27     1.5            3.8          0.0            6.6          0.0            9.4          0.0            11.5           3.7            17.7           7.4            26.3           7.4
   OOS     5      27     1.5            3.9          0.0            6.8          0.0            9.7          0.0            13.1           3.7            21.5           7.4            29.2          11.1
   OOS    10      27     0.8            1.6          0.0            5.3          7.4           10.6          7.4            17.9          11.1            32.6          11.1            37.8          18.5
   OOS    21      27     0.6           -1.3          7.4            2.0         11.1            3.8         14.8            10.6          18.5            15.6          29.6            11.3          40.7
-- rsi<30 long
period  hold  trades  mean_%  turbo3_mean_%  turbo3_ko_%  turbo5_mean_%  turbo5_ko_%  turbo7_mean_%  turbo7_ko_%  turbo10_mean_%  turbo10_ko_%  turbo15_mean_%  turbo15_ko_%  turbo20_mean_%  turbo20_ko_%
    IS     3    1172     0.8            1.7          0.4            3.1          1.8            3.8          4.0             5.4           8.4             8.9          15.7             9.4          24.0
    IS     5    1067     0.8            1.6          0.8            2.7          3.2            2.9          7.3             4.5          12.9             7.7          23.1             8.4          32.2
    IS    10     918     1.2            2.5          1.5            3.6          5.4            2.8         12.1             2.3          23.0             6.6          35.2             8.7          44.4
    IS    21     779     1.6            3.3          3.0            4.7         11.3            4.7         20.5             3.6          33.2             9.3          45.7            13.5          54.7
   OOS     3     941     0.5            0.9          0.0            1.5          0.4            2.1          1.8             2.1           6.5             4.7          12.1             5.9          19.8
   OOS     5     857     0.8            1.8          0.0            2.8          1.1            3.8          3.5             3.9           9.0             7.4          16.6             9.4          25.0
   OOS    10     749     0.9            2.0          0.3            3.1          3.5            3.9          7.7             4.4          14.8             8.3          27.0            12.1          36.4
   OOS    21     658     1.8            3.7          1.8            5.1          6.8            7.0         12.6             8.4          23.6            12.2          36.3            15.1          47.6
-- rsi<30 above sma200 long
period  hold  trades  mean_%  turbo3_mean_%  turbo3_ko_%  turbo5_mean_%  turbo5_ko_%  turbo7_mean_%  turbo7_ko_%  turbo10_mean_%  turbo10_ko_%  turbo15_mean_%  turbo15_ko_%  turbo20_mean_%  turbo20_ko_%
    IS     3     160     1.0            2.4          0.0            4.2          0.0            6.1          0.0             8.5           0.6            11.9           5.0            14.6           7.5
    IS     5     155     1.0            2.4          0.0            4.2          0.0            6.1          0.0             8.8           2.6            12.7           9.0            15.4          13.5
    IS    10     139     1.8            4.6          0.0            7.9          0.0           10.6          2.2            14.3           7.9            20.1          14.4            27.0          23.0
    IS    21     138     2.8            7.2          0.0           11.9          0.7           14.8          7.2            20.1          13.0            23.5          29.0            34.3          35.5
   OOS     3     176     0.7            1.5          0.0            1.7          1.1            2.9          1.7             4.2           4.0             7.1           9.1             4.6          18.2
   OOS     5     169     1.2            2.9          0.0            4.0          1.2            5.4          1.8             7.2           5.3            12.3          10.1             9.0          20.7
   OOS    10     156     0.8            1.6          0.6            2.3          5.8            5.0          9.0             8.0          15.4            18.3          21.8            19.4          34.6
   OOS    21     153     1.3            1.5          5.2            1.0         11.8            4.0         15.7             8.9          20.9            13.1          32.7            11.2          46.4
-- rsi<35 long
period  hold  trades  mean_%  turbo3_mean_%  turbo3_ko_%  turbo5_mean_%  turbo5_ko_%  turbo7_mean_%  turbo7_ko_%  turbo10_mean_%  turbo10_ko_%  turbo15_mean_%  turbo15_ko_%  turbo20_mean_%  turbo20_ko_%
    IS     3    2501     0.6            1.0          0.2            1.9          0.9            2.8          2.2             3.2           6.4             4.7          13.7             5.7          21.6
    IS     5    2257     0.7            1.3          0.4            2.1          1.9            2.9          4.9             3.9          10.5             5.5          19.7             5.5          28.3
    IS    10    1870     0.7            1.1          1.2            1.9          4.9            2.6          9.5             2.7          18.2             5.7          30.1             5.5          40.7
    IS    21    1488     1.4            2.2          2.6            3.7          9.3            4.3         17.7             4.6          28.6             7.9          42.2             8.8          52.0
   OOS     3    1969     0.2           -0.0          0.1            0.2          0.3            0.2          1.4             0.3           4.1             0.8          10.2             2.2          16.2
   OOS     5    1800     0.5            0.7          0.1            1.4          0.7            1.6          2.7             1.9           6.8             2.9          15.2             4.4          23.2
   OOS    10    1491     0.9            1.9          0.1            3.2          2.3            3.8          6.2             5.1          12.6             7.9          25.0            10.4          35.0
   OOS    21    1200     2.0            4.3          1.3            6.9          5.7            9.2         10.8            11.4          21.0            15.3          37.1            20.8          47.1
-- rsi<35 above sma200 long
period  hold  trades  mean_%  turbo3_mean_%  turbo3_ko_%  turbo5_mean_%  turbo5_ko_%  turbo7_mean_%  turbo7_ko_%  turbo10_mean_%  turbo10_ko_%  turbo15_mean_%  turbo15_ko_%  turbo20_mean_%  turbo20_ko_%
    IS     3     673     1.0            2.3          0.0            4.2          0.1            5.9          0.4             8.0           2.1            12.3           5.2            14.4          10.4
    IS     5     628     1.2            2.8          0.0            4.9          0.5            6.7          1.8             9.8           4.0            15.0           8.3            17.3          14.5
    IS    10     554     1.1            2.6          0.0            4.4          1.4            6.2          3.4             8.7           9.0            14.0          16.4            15.9          26.7
    IS    21     503     2.2            5.6          0.2            9.1          3.8           12.2          8.5            16.4          15.7            23.7          28.6            25.1          40.0
   OOS     3     616     0.3            0.2          0.2            0.5          0.5            0.6          1.6             1.0           3.2             1.8           8.8             3.6          13.1
   OOS     5     577     0.6            1.0          0.2            1.8          0.5            1.7          2.6             2.3           5.7             4.5          12.0             5.2          19.1
   OOS    10     500     0.8            1.3          0.2            2.3          2.4            2.5          5.4             3.8          12.2             7.2          22.0             9.0          31.4
   OOS    21     458     1.4            2.1          2.2            3.7          6.3            4.6         11.8             6.5          19.2            10.3          33.2            13.2          43.9
