== Your RSI 14 / 30, each exit rule (36 large caps)
 rsi_length  buy_below         exit  above_200d  trades_is  held_is  excess_is  turbo_is  ko_is  turbo_per_day_is  trades_oos  excess_oos  t_oos  turbo_oos  ko_oos  turbo_per_day_oos
         14         30       hold 3       False       1172     3.00       0.62      4.93   5.55              1.64         941        0.27   2.44       3.59    5.31               1.20
         14         30       hold 5       False       1067     5.00       0.50      6.32   9.00              1.26         857        0.44   2.74       7.13    8.52               1.43
         14         30      hold 10       False        918    10.00       0.64      9.05  14.38              0.91         750        0.19   2.08       9.74   15.60               0.97
         14         30 rsi above 50       False        784    15.03       0.78     10.60  24.74              0.71         675        0.81   2.21      12.67   23.26               0.86
         14         30 rsi above 60       False        779    19.47       0.55     13.81  25.42              0.71         658        0.27   1.21      11.42   25.53               0.59
         14         30 rsi above 70       False        779    20.85       0.41     13.40  25.55              0.64         658        0.19   0.74      10.43   25.53               0.50

== Top 20 of 540 by 2000–14 turbo return per day held (≥100 trades), with 2015–26
 rsi_length  buy_below    exit  above_200d  trades_is  held_is  excess_is  turbo_is  ko_is  turbo_per_day_is  trades_oos  excess_oos  t_oos  turbo_oos  ko_oos  turbo_per_day_oos
         21         35  hold 3        True        102      3.0       1.00     13.73   6.86              4.58         104        0.73   1.54       6.96    3.85               2.32
          7         10  hold 3       False        112      3.0       1.02      9.10   4.46              3.03         104        0.41   0.35       8.09    4.81               2.70
         14         30  hold 3        True        160      3.0       0.81      8.59   5.62              2.86         176        0.45   1.01       6.18    7.95               2.06
          7         20  hold 3        True        338      3.0       0.66      8.51   4.73              2.84         320        0.29   2.03       5.65    6.56               1.88
         10         15  hold 3       False        115      3.0       1.58      8.24   4.35              2.75         102        0.21   0.92       9.82    5.88               3.27
         14         35  hold 3        True        673      3.0       0.80      7.47   5.94              2.49         616        0.03   1.01       4.55    5.84               1.52
         14         30  hold 5        True        155      5.0       0.72     12.06   9.03              2.41         169        0.79   2.58      10.57    8.28               2.11
         14         20  hold 5       False        116      5.0       2.34     12.05   6.90              2.41          90       -0.02   0.43      10.32   10.00               2.06
          5         15  hold 3        True        460      3.0       0.53      7.18   4.78              2.39         441        0.18   2.24       3.86    8.16               1.29
         10         15  hold 5       False        112      5.0       2.64     11.95   6.25              2.39          99        0.18   0.71      13.17    8.08               2.63
          7         10  hold 5       False        111      5.0       2.07     11.86   7.21              2.37          99        0.23   0.48      11.66   10.10               2.33
         14         20  hold 3       False        124      3.0       1.14      7.06   4.84              2.35          97        0.00   0.40       6.43    6.19               2.14
         14         30 hold 10        True        139     10.0       1.25     23.21  14.39              2.32         156       -0.00   2.73      10.98   19.87               1.10
         14         35  hold 5        True        628      5.0       0.86     11.57   8.60              2.31         577        0.19   1.05       6.88    9.53               1.38
          7         20  hold 5        True        322      5.0       0.61     10.72   8.70              2.14         311        0.44   2.16       7.17   10.29               1.43
          7         30  hold 3        True       1747      3.0       0.48      6.36   5.15              2.12        1482       -0.06   1.75       1.45    8.16               0.48
          3         15  hold 3        True       2388      3.0       0.41      6.35   4.61              2.12        2039       -0.02   2.10       2.36    7.80               0.79
          5         25  hold 3        True       2063      3.0       0.45      6.20   4.75              2.07        1794       -0.06   1.60       1.46    7.80               0.49
         21         30  hold 3       False        408      3.0       0.82      6.11   7.11              2.04         307        0.40   1.37       4.47    5.54               1.49
         10         25  hold 5        True        195      5.0       0.61      9.76   9.74              1.95         218        0.88   2.84      13.33    9.63               2.67

   Of the 2000–14 top 50: 17 beat RSI 14/30/hold 5 on 2015–26 per day held

== By RSI length and by exit rule (median over the other settings, 2015–26)
            turbo_per_day_is  turbo_per_day_oos  excess_oos
rsi_length                                                 
2                      0.681              0.720       0.022
3                      0.736              0.664       0.014
5                      0.653              0.660       0.014
7                      0.657              0.647       0.030
10                     0.569              0.732       0.114
14                     0.703              0.798       0.273
21                     0.680              0.877       0.490
              held_oos  turbo_per_day_is  turbo_per_day_oos  excess_oos
exit                                                                   
hold 10         10.000             0.651              0.822       0.012
hold 3           3.000             1.103              0.777       0.001
hold 5           5.000             0.932              0.796       0.025
rsi above 50     8.350             0.683              0.688       0.140
rsi above 60    12.202             0.526              0.599       0.047
rsi above 70    16.825             0.502              0.584       0.023

== Second check on 497 other stocks, 2015–26 only
 rsi_length  buy_below         exit  above_200d  trades_oos  held_oos  win_oos  excess_oos  t_oos  turbo_oos  ko_oos  turbo_per_day_oos
         21         35       hold 3        True        1296      3.00    60.57        0.58   3.95       6.78    6.17               2.26
          7         10       hold 3       False        1448      3.00    59.88        0.56   1.07       5.94    7.87               1.98
         14         30       hold 3        True        2230      3.00    58.74        0.45   3.75       4.84    7.17               1.61
          7         20       hold 3        True        4273      3.00    56.80        0.20   4.05       3.34    7.54               1.11
         10         15       hold 3       False        1396      3.00    59.17        0.29   1.81       3.80    9.89               1.27
         14         35       hold 3        True        7792      3.00    56.71        0.20   5.61       3.27    7.93               1.09
         14         30       hold 5        True        2125      5.00    60.89        0.63   2.25       7.29   11.29               1.46
         14         20       hold 5       False        1347      5.00    57.16       -0.06   1.88       2.56   17.07               0.51
          5         15       hold 3        True        5832      3.00    56.07        0.13   3.84       3.41    7.27               1.14
         10         15       hold 5       False        1338      5.00    58.74        0.27   1.73       4.59   14.80               0.92
         14         30       hold 3       False       13388      3.00    54.38        0.10   3.68       1.15    8.28               0.38
         14         30       hold 5       False       12262      5.00    56.48        0.14   2.09       2.83   12.91               0.57
         14         30      hold 10       False       10636     10.00    58.59        0.30   1.96       5.87   20.96               0.59
         14         30 rsi above 50       False        9145     15.27    66.52        0.49   1.45       7.76   29.15               0.51
         14         30 rsi above 60       False        8986     19.50    59.16        0.31   0.82       8.63   31.17               0.44
         14         30 rsi above 70       False        8962     20.76    58.56        0.31   1.08       8.85   31.51               0.43
